420|
547|
5895|
10917|
17701|
22182|
43045|
44741|
56866|
58052|
84003|
89059|
90912|
92198|
94439|
95075|
95845|
99392|
100481|
110279|
110530|
111425|
124290|
128865|
131525|
132993|
140418|
141381|
143524|
147301|
151942|
152967|
157156|
162691|
164965|
179780|
180483|
200388|
201413|
204320|
210112|
210885|
211201|
215395|
219460|
226567|
227842|
228165|
231782|
232705|
234278|
241510|
244612|
245059|
260675|
263909|
267942|
271335|
273124|
273639|
285860|
288420|
289540|
301862|
317248|
319782|
320452|
320964|
321280|
323685|
326756|
333090|
333668|
337766|
344290|
350343|
360321|
367939|
376102|
376199|
383524|
383941|
398208|
408262|
421410|
423812|
431938|
432385|
433248|
438279|
450114|
461250|
483812|
489153|
500067|
506117|
513252|
530148|
533217|
537504|
550080|
562561|
572386|
572641|
572967|
576261|
576897|
588483|
594112|
604004|
604518|
609862|
625665|
644963|
665859|
668325|
673059|
673987|
674528|
683012|
701441|
703393|
704644|
708996|
710020|
711459|
713570|
736577|
747168|
752772|
753504|
756482|
758982|
760865|
769955|
774978|
786115|
787684|
796098|
801477|
815521|
819492|
823584|
825249|
828679|
829127|
839905|
867777|
873606|
879143|
879555|
890464|
890944|
894530|
903490|
907462|
909893|
917986|
918080|
937856|
941218|
945186|
947010|
947941|
949316|
952326|
961728|
969253|
972448|
979841|
987076|
988324|
1006758|
1014565|
1018279|
1022724|
1024262|
1032614|
1034405|
1038885|
1047300|
1047842|
1053283|
1054020|
1057600|
1068164|
1084865|
1087648|
1087970|
1091591|
1097667|
1099109|
1112933|
1112999|
1114307|
1120036|
1129122|
1136388|
1141798|
1145888|
1148967|
1157732|
1169153|
1169542|
1179940|
1192547|
1193764|
1196358|
1199362|
1199904|
1211462|
1220992|
1231396|
1241444|
1245191|
1252134|
1253254|
1260068|
1267552|
1271718|
1272487|
1279781|
1280071|
1280903|
1285733|
1287394|
1292161|
1297381|
1301059|
1304742|
1306375|
1308901|
1309123|
1317541|
1323460|
1325792|
1327238|
1327552|
1355650|
1359619|
1369925|
1386822|
1386951|
1387683|
1394566|
1397988|
1399682|
1400386|
1406179|
1420129|
1433761|
1435905|
1442276|
1446343|
1449285|
1449860|
1450338|
1451840|
1453478|
1461955|
1465638|
1467333|
1472386|
1474146|
1476772|
1478179|
1487205|
1487555|
1493444|
1495648|
1498338|
1505568|
1510085|
1515204|
1519009|
1524708|
1527136|
1529763|
1532068|
1534468|
1539493|
1545216|
1545410|
1554179|
1554849|
1560098|
1560512|
1562593|
1564675|
1564997|
1574948|
1580803|
1583650|
1597572|
1598691|
1599526|
1604389|
1617764|
1618564|
1619142|
1622407|
1625763|
1627942|
1629541|
1633927|
1636487|
1636609|
1637921|
1643815|
1644230|
1680293|
1689287|
1715552|
1722595|
1725664|
1729511|
1733187|
1745927|
1746337|
1751525|
1752196|
1752993|
1755012|
1762433|
1765605|
1777572|
1784069|
1809574|
1810085|
1816869|
1828192|
1829669|
1831616|
1834114|
1847523|
1849668|
1853959|
1854912|
1856132|
1872963|
1876290|
1884707|
1900354|
1910115|
1914369|
1914721|
1924228|
1925827|
1928999|
1940355|
1945959|
1945990|
1948512|
1958019|
1959938|
1965863|
1967588|
1999525|
2002592|
2012992|
2013536|
2016933|
2017894|
2022278|
2025287|
2026305|
2026818|
2041058|
2041892|
2047076|
2049249|
2057830|
2061894|
2070147|
2079778|
2080418|
2093409|
2098177|
2100962|
2103109|
2111298|
2116513|
2126208|
2136898|
2140740|
2157063|
2159555|
2165442|
2166274|
2170084|
2171330|
2175043|
2187335|
2191524|
2193604|
2194663|
2196387|
2199044|
2226663|
2259138|
2261506|
2262272|
2271712|
2274055|
2275105|
2278177|
2282818|
2283714|
2293604|
2295650|
2304581|
2304739|
2310785|
2310982|
2323331|
2326915|
2330400|
2330848|
2332832|
2333698|
2334311|
2334433|
2345602|
2360961|
2365281|
2366023|
2369863|
2369893|
2377408|
2378465|
2379207|
2390884|
2392327|
2402721|
2406786|
2407175|
2425825|
2427972|
2441862|
2454534|
2464996|
2466402|
2470375|
2476133|
2476800|
2512226|
2534560|
2548736|
2554595|
2556704|
2567559|
2568899|
2594020|
2598241|
2600547|
2603012|
2607520|
2617154|
2634241|
2636164|
2638593|
2640454|
2648128|
2658881|
2659392|
2660482|
2668966|
2680933|
2689731|
2690178|
2690917|
2708291|
2711936|
2720869|
2722241|
2723364|
2723494|
2726946|
2753026|
2761956|
2768453|
2772647|
2779143|
2786976|
2788548|
2792423|
2795394|
2805795|
2807139|
2818693|
2818950|
2827909|
2836802|
2838242|
2843041|
2846470|
2865186|
2868230|
2869920|
2870374|
2891270|
2892101|
2893638|
2894915|
2897765|
2899010|
2902978|
2903876|
2907493|
2910755|
2913760|
2915811|
2921318|
2931685|
2933156|
2936451|
2936673|
2950242|
2954564|
2987655|
2990759|
2997952|
3006083|
3010086|
3012677|
3030851|
3032486|
3035747|
3038213|
3042147|
3043974|
3050340|
3052006|
3052871|
3053733|
3054528|
3057089|
3058177|
3068387|
3069281|
3072614|
3075074|
3079746|
3082721|
3083968|
3085762|
3103588|
3109892|
3116838|
3117570|
3125505|
3127686|
3135105|
3136480|
3138310|
3155238|
3159203|
3167462|
3169222|
3170981|
3171808|
3177728|
3184679|
3185957|
3185985|
3186083|
3191714|
3194727|
3210112|
3215204|
3226435|
3228002|
3236032|
3238210|
3240326|
3244391|
3246690|
3247974|
3262432|
3267778|
3280967|
3287744|
3295527|
3302179|
3310823|
3314054|
3324582|
3329381|
3331364|
3339616|
3342692|
3348679|
3351652|
3352832|
3364096|
3373511|
3380198|
3385285|
3392964|
3394816|
3395938|
3400740|
3408134|
3412132|
3419650|
3433571|
3439073|
3443719|
3450625|
3454723|
3461318|
3473380|
3478049|
3493024|
3495140|
3504964|
3507365|
3511842|
3511845|
3515812|
3519651|
3527617|
3538562|
3543940|
3558499|
3560864|
3568548|
3570247|
3577443|
3586560|
3587203|
3588482|
3589573|
3591558|
3597473|
3608677|
3609889|
3610758|
3619266|
3620327|
3624128|
3627142|
3645411|
3657031|
3665603|
3671395|
3676004|
3680645|
3681476|
3686050|
3697185|
3699558|
3708609|
3710759|
3713894|
3725347|
3750688|
3758723|
3761412|
3766690|
3770374|
3774533|
3779233|
3779365|
3797541|
3801447|
3809539|
3814850|
3820289|
3824167|
3829345|
3830656|
3830694|
3839716|
3840259|
3840871|
3852292|
3862852|
3864711|
3871110|
3873924|
3882819|
3882977|
3890083|
3912992|
3915749|
3926085|
3928354|
3934630|
3939239|
3953156|
3955842|
3962721|
3965058|
3965988|
3978467|
3984290|
3993223|
4012194|
4013540|
4021059|
4028294|
4028966|
4037954|
4038816|
4050179|
4051333|
4051556|
4057861|
4063175|
4070597|
4071526|
4072354|
4073188|
4073698|
4082119|
4097760|
4104263|
4105219|
4110471|
4111619|
4112930|
4119175|
4143139|
4157540|
4161826|
4195140|
4198592|
4199844|
4202180|
4210433|
4218208|
4221092|
4228962|
4232416|
4252033|
4258724|
4261031|
4261313|
4264645|
4270182|
4282531|
4299591|
4300387|
4304194|
4311171|
4313184|
4316839|
4322176|
4335297|
4337058|
4346629|
4347495|
4349218|
4351584|
4352518|
4355683|
4357666|
4365510|
4368420|
4368900|
4370342|
4373287|
4379745|
4381380|
4383521|
4388421|
4389542|
4392801|
4406631|
4407780|
4411204|
4415493|
4418849|
4422052|
4433347|
4433507|
4434657|
4443303|
4452804|
4464742|
4469959|
4489123|
4492609|
4496290|
4498630|
4500390|
4502720|
4505125|
4507522|
4512259|
4512775|
4530402|
4541922|
4542308|
4549443|
4554720|
4568167|
4586023|
4586055|
4590048|
4591331|
4596225|
4607783|
4616423|
4619041|
4623810|
4638080|
4642180|
4642885|
4646631|
4650566|
4651457|
4653668|
4664327|
4668256|
4679395|
4688231|
4691297|
4708130|
4711137|
4729346|
4730464|
4740295|
4741505|
4744262|
4755365|
4756417|
4757056|
4760098|
4760864|
4767719|
4785511|
4797669|
4799879|
4799910|
4801701|
4805766|
4815559|
4834087|
4834338|
4842211|
4849537|
4854823|
4856417|
4867873|
4876385|
4878112|
4889127|
4911044|
4925410|
4963366|
4965666|
4966759|
4969157|
4970021|
4974016|
4982599|
4987015|
4987620|
4993312|
4998182|
4998785|
5013698|
5015972|
5017607|
5025025|
5027269|
5033318|
5040292|
5040418|
5043747|
5047652|
5050884|
5063012|
5072737|
5074435|
5085379|
5091495|
5093281|
5104998|
5113473|
5118465|
5120388|
5125473|
5134693|
5136231|
5138886|
5139202|
5139303|
5143425|
5144131|
5146081|
5159169|
5161760|
5169664|
5175875|
5181702|
5182884|
5187812|
5190465|
5198084|
5201828|
5209669|
5210945|
5214406|
5235430|
5242212|
5243015|
5247778|
5248450|
5251585|
5259109|
5264001|
5266853|
5269765|
5280935|
5282086|
5284263|
5284898|
5284993|
5288898|
5293282|
5309445|
5318400|
5325476|
5326849|
5327910|
5331013|
5340387|
5351397|
5355653|
5358982|
5372965|
5373765|
5374945|
5378597|
5380387|
5383876|
5387555|
5389955|
5395268|
5396066|
5396099|
5405380|
5409250|
5421028|
5423302|
5423686|
5423873|
5426979|
5441219|
5453252|
5459239|
5485735|
5491008|
5498118|
5498531|
5499302|
5500771|
5501061|
5501601|
5510085|
5511109|
5519494|
5521058|
5522693|
5524448|
5528964|
5530662|
5542210|
5551328|
5552645|
5553125|
5558723|
5563111|
5564289|
5564774|
5574497|
5586818|
5587045|
5590114|
5591011|
5593990|
5616134|
5616256|
5621541|
5622945|
5623877|
5641031|
5641475|
5642977|
5650343|
5658438|
5662114|
5664929|
5666211|
5676386|
5693191|
5694113|
5698886|
5703622|
5713158|
5713699|
5721824|
5724611|
5726727|
5727301|
5727490|
5727651|
5736611|
5741059|
5744224|
5746467|
5749989|
5763427|
5770336|
5772390|
5776450|
5782978|
5784224|
5785763|
5796613|
5809957|
5812231|
5815014|
5816677|
5819687|
5827458|
5839655|
5844516|
5848737|
5855781|
5860420|
5872871|
5877472|
5888966|
5890978|
5891140|
5891525|
5899909|
5906663|
5908260|
5918816|
5925986|
5928964|
5940388|
5948391|
5960387|
5963142|
5984646|
5988327|
5990886|
5994273|
5995719|
5998434|
5999718|
